language,owner,date,n-commits,n-emails,emails,acc-n-commits,acc-n-emails
Python,tin2tin,2023-03-20,10,1,"#{""tintwotin@gmail.com""}",10.0,1
Python,tin2tin,2023-03-21,6,1,"#{""tintwotin@gmail.com""}",16.0,1
Python,tin2tin,2023-03-22,3,1,"#{""tintwotin@gmail.com""}",19.0,1
Python,tin2tin,2023-03-23,2,1,"#{""tintwotin@gmail.com""}",21.0,1
Python,tin2tin,2023-03-24,3,1,"#{""tintwotin@gmail.com""}",24.0,1
Python,tin2tin,2023-03-25,6,1,"#{""tintwotin@gmail.com""}",30.0,1
Python,tin2tin,2023-03-26,2,1,"#{""tintwotin@gmail.com""}",32.0,1
Python,tin2tin,2023-03-29,1,1,"#{""tintwotin@gmail.com""}",33.0,1
Python,tin2tin,2023-03-30,3,1,"#{""tintwotin@gmail.com""}",36.0,1
Python,tin2tin,2023-03-31,1,1,"#{""tintwotin@gmail.com""}",37.0,1
Python,tin2tin,2023-04-13,11,1,"#{""tintwotin@gmail.com""}",48.0,1
Python,tin2tin,2023-04-14,11,1,"#{""tintwotin@gmail.com""}",59.0,1
Python,tin2tin,2023-04-15,6,1,"#{""tintwotin@gmail.com""}",65.0,1
Python,tin2tin,2023-04-16,2,1,"#{""tintwotin@gmail.com""}",67.0,1
Python,tin2tin,2023-04-17,4,1,"#{""tintwotin@gmail.com""}",71.0,1
Python,tin2tin,2023-04-18,4,1,"#{""tintwotin@gmail.com""}",75.0,1
Python,tin2tin,2023-04-19,10,1,"#{""tintwotin@gmail.com""}",85.0,1
Python,tin2tin,2023-04-20,5,1,"#{""tintwotin@gmail.com""}",90.0,1
Python,tin2tin,2023-04-21,1,1,"#{""tintwotin@gmail.com""}",91.0,1
Python,tin2tin,2023-04-22,4,1,"#{""tintwotin@gmail.com""}",95.0,1
Python,tin2tin,2023-04-23,3,1,"#{""tintwotin@gmail.com""}",98.0,1
Python,tin2tin,2023-04-24,8,1,"#{""tintwotin@gmail.com""}",106.0,1
Python,tin2tin,2023-04-27,4,1,"#{""tintwotin@gmail.com""}",110.0,1
Python,tin2tin,2023-04-28,3,1,"#{""tintwotin@gmail.com""}",113.0,1
Python,tin2tin,2023-04-30,1,1,"#{""tintwotin@gmail.com""}",114.0,1
Python,tin2tin,2023-05-01,2,1,"#{""tintwotin@gmail.com""}",116.0,1
Python,tin2tin,2023-05-02,2,1,"#{""tintwotin@gmail.com""}",118.0,1
Python,tin2tin,2023-05-04,1,1,"#{""tintwotin@gmail.com""}",119.0,1
Python,tin2tin,2023-05-05,2,1,"#{""tintwotin@gmail.com""}",121.0,1
Python,tin2tin,2023-05-06,1,1,"#{""tintwotin@gmail.com""}",122.0,1
Python,tin2tin,2023-05-07,2,1,"#{""tintwotin@gmail.com""}",124.0,1
Python,tin2tin,2023-05-13,9,1,"#{""tintwotin@gmail.com""}",133.0,1
Python,tin2tin,2023-05-14,5,1,"#{""tintwotin@gmail.com""}",138.0,1
Python,tin2tin,2023-05-15,4,1,"#{""tintwotin@gmail.com""}",142.0,1
Python,tin2tin,2023-05-28,2,1,"#{""tintwotin@gmail.com""}",144.0,1
Python,tin2tin,2023-05-29,3,1,"#{""tintwotin@gmail.com""}",147.0,1
Python,tin2tin,2023-05-30,4,1,"#{""tintwotin@gmail.com""}",151.0,1
Python,tin2tin,2023-05-31,6,1,"#{""tintwotin@gmail.com""}",157.0,1
Python,tin2tin,2023-06-04,2,1,"#{""tintwotin@gmail.com""}",159.0,1
Python,tin2tin,2023-06-05,1,1,"#{""tintwotin@gmail.com""}",160.0,1
Python,tin2tin,2023-06-06,1,1,"#{""tintwotin@gmail.com""}",161.0,1
Python,tin2tin,2023-06-07,1,1,"#{""tintwotin@gmail.com""}",162.0,1
Python,tin2tin,2023-06-13,2,1,"#{""tintwotin@gmail.com""}",164.0,1
Python,tin2tin,2023-06-18,2,1,"#{""tintwotin@gmail.com""}",166.0,1
Python,tin2tin,2023-06-25,4,1,"#{""tintwotin@gmail.com""}",170.0,1
Python,tin2tin,2023-06-28,1,1,"#{""tintwotin@gmail.com""}",171.0,1
Python,tin2tin,2023-07-03,1,1,"#{""tintwotin@gmail.com""}",172.0,1
Python,tin2tin,2023-07-13,3,1,"#{""tintwotin@gmail.com""}",175.0,1
Python,tin2tin,2023-07-27,1,1,"#{""tintwotin@gmail.com""}",176.0,1
Python,tin2tin,2023-07-29,3,1,"#{""tintwotin@gmail.com""}",179.0,1
Python,tin2tin,2023-07-30,1,1,"#{""tintwotin@gmail.com""}",180.0,1
Python,tin2tin,2023-08-02,1,1,"#{""tintwotin@gmail.com""}",181.0,1
Python,tin2tin,2023-08-04,1,1,"#{""tintwotin@gmail.com""}",182.0,1
Python,tin2tin,2023-08-05,3,1,"#{""tintwotin@gmail.com""}",185.0,1
Python,tin2tin,2023-08-07,2,1,"#{""tintwotin@gmail.com""}",187.0,1
Python,tin2tin,2023-08-08,4,1,"#{""tintwotin@gmail.com""}",191.0,1
Python,tin2tin,2023-08-09,1,1,"#{""tintwotin@gmail.com""}",192.0,1
Python,tin2tin,2023-08-12,3,1,"#{""tintwotin@gmail.com""}",195.0,1
Python,tin2tin,2023-08-15,2,1,"#{""tintwotin@gmail.com""}",197.0,1
Python,tin2tin,2023-08-16,3,1,"#{""tintwotin@gmail.com""}",200.0,1
Python,tin2tin,2023-08-17,3,1,"#{""tintwotin@gmail.com""}",203.0,1
Python,tin2tin,2023-08-18,5,1,"#{""tintwotin@gmail.com""}",208.0,1
Python,tin2tin,2023-08-19,7,1,"#{""tintwotin@gmail.com""}",215.0,1
Python,tin2tin,2023-08-20,2,1,"#{""tintwotin@gmail.com""}",217.0,1
Python,tin2tin,2023-08-21,3,1,"#{""tintwotin@gmail.com""}",220.0,1
Python,tin2tin,2023-08-22,1,1,"#{""tintwotin@gmail.com""}",221.0,1
Python,tin2tin,2023-08-23,2,1,"#{""tintwotin@gmail.com""}",223.0,1
Python,tin2tin,2023-08-24,2,1,"#{""tintwotin@gmail.com""}",225.0,1
Python,tin2tin,2023-08-25,6,1,"#{""tintwotin@gmail.com""}",231.0,1
Python,tin2tin,2023-08-28,2,1,"#{""tintwotin@gmail.com""}",233.0,1
Python,tin2tin,2023-08-29,1,1,"#{""tintwotin@gmail.com""}",234.0,1
Python,tin2tin,2023-08-31,2,1,"#{""tintwotin@gmail.com""}",236.0,1
Python,tin2tin,2023-09-01,2,1,"#{""tintwotin@gmail.com""}",238.0,1
Python,tin2tin,2023-09-02,5,2,"#{""tintwotin@gmail.com"" ""ernesto_bazzano@yahoo.com.ar""}",243.0,2
Python,tin2tin,2023-09-03,1,1,"#{""tintwotin@gmail.com""}",244.0,2
Python,tin2tin,2023-09-04,2,1,"#{""tintwotin@gmail.com""}",246.0,2
Python,tin2tin,2023-09-05,5,1,"#{""tintwotin@gmail.com""}",251.0,2
Python,tin2tin,2023-09-06,2,1,"#{""tintwotin@gmail.com""}",253.0,2
Python,tin2tin,2023-09-07,1,1,"#{""tintwotin@gmail.com""}",254.0,2
Python,tin2tin,2023-09-09,2,1,"#{""tintwotin@gmail.com""}",256.0,2
Python,tin2tin,2023-09-10,2,1,"#{""tintwotin@gmail.com""}",258.0,2
Python,tin2tin,2023-09-11,1,1,"#{""tintwotin@gmail.com""}",259.0,2
Python,tin2tin,2023-09-12,2,1,"#{""tintwotin@gmail.com""}",261.0,2
Python,tin2tin,2023-09-14,1,1,"#{""tintwotin@gmail.com""}",262.0,2
Python,tin2tin,2023-09-15,1,1,"#{""tintwotin@gmail.com""}",263.0,2
Python,tin2tin,2023-09-17,1,1,"#{""tintwotin@gmail.com""}",264.0,2
Python,tin2tin,2023-09-18,4,1,"#{""tintwotin@gmail.com""}",268.0,2
Python,tin2tin,2023-09-19,1,1,"#{""tintwotin@gmail.com""}",269.0,2
Python,tin2tin,2023-09-21,1,1,"#{""tintwotin@gmail.com""}",270.0,2
Python,tin2tin,2023-09-23,2,1,"#{""tintwotin@gmail.com""}",272.0,2
Python,tin2tin,2023-09-24,3,1,"#{""tintwotin@gmail.com""}",275.0,2
Python,tin2tin,2023-09-25,4,1,"#{""tintwotin@gmail.com""}",279.0,2
Python,tin2tin,2023-09-26,1,1,"#{""tintwotin@gmail.com""}",280.0,2
Python,tin2tin,2023-09-27,2,1,"#{""tintwotin@gmail.com""}",282.0,2
Python,tin2tin,2023-09-28,3,1,"#{""tintwotin@gmail.com""}",285.0,2
Python,tin2tin,2023-09-29,2,1,"#{""tintwotin@gmail.com""}",287.0,2
Python,tin2tin,2023-09-30,1,1,"#{""tintwotin@gmail.com""}",288.0,2
Python,tin2tin,2023-10-02,1,1,"#{""tintwotin@gmail.com""}",289.0,2
Python,tin2tin,2023-10-09,1,1,"#{""tintwotin@gmail.com""}",290.0,2
Python,tin2tin,2023-10-12,2,1,"#{""tintwotin@gmail.com""}",292.0,2
Python,tin2tin,2023-10-16,1,1,"#{""tintwotin@gmail.com""}",293.0,2
Python,tin2tin,2023-10-22,1,1,"#{""tintwotin@gmail.com""}",294.0,2
Python,tin2tin,2023-10-24,5,1,"#{""tintwotin@gmail.com""}",299.0,2
Python,tin2tin,2023-10-25,4,1,"#{""tintwotin@gmail.com""}",303.0,2
Python,tin2tin,2023-10-26,2,1,"#{""tintwotin@gmail.com""}",305.0,2
Python,tin2tin,2023-10-28,1,1,"#{""tintwotin@gmail.com""}",306.0,2
Python,tin2tin,2023-11-01,1,1,"#{""tintwotin@gmail.com""}",307.0,2
Python,tin2tin,2023-11-03,1,1,"#{""tintwotin@gmail.com""}",308.0,2
Python,tin2tin,2023-11-10,3,1,"#{""tintwotin@gmail.com""}",311.0,2
Python,tin2tin,2023-11-13,5,1,"#{""tintwotin@gmail.com""}",316.0,2
Python,tin2tin,2023-11-14,3,1,"#{""tintwotin@gmail.com""}",319.0,2
Python,tin2tin,2023-11-16,4,1,"#{""tintwotin@gmail.com""}",323.0,2
Python,tin2tin,2023-11-17,2,1,"#{""tintwotin@gmail.com""}",325.0,2
Python,tin2tin,2023-11-18,1,1,"#{""tintwotin@gmail.com""}",326.0,2
Python,tin2tin,2023-11-21,2,1,"#{""tintwotin@gmail.com""}",328.0,2
Python,tin2tin,2023-11-24,2,1,"#{""tintwotin@gmail.com""}",330.0,2
Python,tin2tin,2023-11-25,1,1,"#{""tintwotin@gmail.com""}",331.0,2
Python,tin2tin,2023-11-30,2,1,"#{""tintwotin@gmail.com""}",333.0,2
Python,tin2tin,2023-12-01,4,1,"#{""tintwotin@gmail.com""}",337.0,2
